69 6D 70 6F 72 74 20 63 6F 6D 2E 66 6F 72 6D 64 
65 76 2E 66 6C 61 74 6C 61 66 2E 46 6C 61 74 44 
61 72 6B 4C 61 66 3B 0D 0A 69 6D 70 6F 72 74 20 
63 6F 6D 2E 66 6F 72 6D 64 65 76 2E 66 6C 61 74 
6C 61 66 2E 46 6C 61 74 4C 69 67 68 74 4C 61 66 
3B 0D 0A 69 6D 70 6F 72 74 20 6A 61 76 61 78 2E 
73 77 69 6E 67 2E 2A 3B 0D 0A 69 6D 70 6F 72 74 
20 6A 61 76 61 2E 61 77 74 2E 2A 3B 0D 0A 69 6D 
70 6F 72 74 20 6A 61 76 61 2E 69 6F 2E 2A 3B 0D 
0A 0D 0A 70 75 62 6C 69 63 20 63 6C 61 73 73 20 
6D 61 69 6E 20 7B 0D 0A 20 20 20 20 70 72 69 76 
61 74 65 20 73 74 61 74 69 63 20 4A 46 72 61 6D 
65 20 66 72 61 6D 65 3B 0D 0A 20 20 20 20 70 72 
69 76 61 74 65 20 73 74 61 74 69 63 20 4A 4C 61 
62 65 6C 20 66 69 6C 65 4C 61 62 65 6C 2C 20 73 
74 61 74 75 73 4C 61 62 65 6C 3B 0D 0A 20 20 20 
20 70 72 69 76 61 74 65 20 73 74 61 74 69 63 20 
46 69 6C 65 20 73 65 6C 65 63 74 65 64 46 69 6C 
65 20 3D 20 6E 75 6C 6C 3B 0D 0A 20 20 20 20 70 
72 69 76 61 74 65 20 73 74 61 74 69 63 20 62 6F 
6F 6C 65 61 6E 20 64 61 72 6B 54 68 65 6D 65 20 
3D 20 74 72 75 65 3B 0D 0A 0D 0A 20 20 20 20 70 
75 62 6C 69 63 20 73 74 61 74 69 63 20 76 6F 69 
64 20 6D 61 69 6E 28 53 74 72 69 6E 67 5B 5D 20 
61 72 67 73 29 20 7B 0D 0A 20 20 20 20 20 20 20 
20 74 72 79 20 7B 0D 0A 20 20 20 20 20 20 20 20 
20 20 20 20 55 49 4D 61 6E 61 67 65 72 2E 73 65 
74 4C 6F 6F 6B 41 6E 64 46 65 65 6C 28 6E 65 77 
20 46 6C 61 74 44 61 72 6B 4C 61 66 28 29 29 3B 
0D 0A 20 20 20 20 20 20 20 20 7D 20 63 61 74 63 
68 20 28 45 78 63 65 70 74 69 6F 6E 20 65 29 20 
7B 20 65 2E 70 72 69 6E 74 53 74 61 63 6B 54 72 
61 63 65 28 29 3B 20 7D 0D 0A 0D 0A 20 20 20 20 
20 20 20 20 2F 2F 20 45 6E 73 75 72 65 20 73 61 
76 65 2F 20 65 78 69 73 74 73 0D 0A 20 20 20 20 
20 20 20 20 6E 65 77 20 46 69 6C 65 28 22 73 61 
76 65 22 29 2E 6D 6B 64 69 72 73 28 29 3B 0D 0A 
0D 0A 20 20 20 20 20 20 20 20 66 72 61 6D 65 20 
3D 20 6E 65 77 20 4A 46 72 61 6D 65 28 22 42 69 
6E 61 72 79 20 44 75 6D 70 65 72 22 29 3B 0D 0A 
20 20 20 20 20 20 20 20 66 72 61 6D 65 2E 73 65 
74 44 65 66 61 75 6C 74 43 6C 6F 73 65 4F 70 65 
72 61 74 69 6F 6E 28 4A 46 72 61 6D 65 2E 45 58 
49 54 5F 4F 4E 5F 43 4C 4F 53 45 29 3B 0D 0A 20 
20 20 20 20 20 20 20 66 72 61 6D 65 2E 73 65 74 
53 69 7A 65 28 35 32 30 2C 20 33 38 30 29 3B 0D 
0A 20 20 20 20 20 20 20 20 66 72 61 6D 65 2E 73 
65 74 4C 6F 63 61 74 69 6F 6E 52 65 6C 61 74 69 
76 65 54 6F 28 6E 75 6C 6C 29 3B 0D 0A 20 20 20 
20 20 20 20 20 66 72 61 6D 65 2E 73 65 74 4D 69 
6E 69 6D 75 6D 53 69 7A 65 28 6E 65 77 20 44 69 
6D 65 6E 73 69 6F 6E 28 34 35 30 2C 20 33 30 30 
29 29 3B 0D 0A 0D 0A 20 20 20 20 20 20 20 20 2F 
2F 20 3D 3D 3D 3D 3D 3D 3D 3D 3D 3D 20 4D 45 4E 
55 20 42 41 52 20 3D 3D 3D 3D 3D 3D 3D 3D 3D 3D 
0D 0A 20 20 20 20 20 20 20 20 4A 4D 65 6E 75 42 
61 72 20 6D 65 6E 75 42 61 72 20 3D 20 6E 65 77 
20 4A 4D 65 6E 75 42 61 72 28 29 3B 0D 0A 0D 0A 
20 20 20 20 20 20 20 20 4A 4D 65 6E 75 20 6D 65 
6E 75 45 64 69 74 20 3D 20 6E 65 77 20 4A 4D 65 
6E 75 28 22 45 64 69 74 22 29 3B 0D 0A 20 20 20 
20 20 20 20 20 4A 4D 65 6E 75 20 6D 65 6E 75 54 
68 65 6D 65 20 3D 20 6E 65 77 20 4A 4D 65 6E 75 
28 22 54 68 65 6D 65 22 29 3B 0D 0A 20 20 20 20 
20 20 20 20 4A 52 61 64 69 6F 42 75 74 74 6F 6E 
4D 65 6E 75 49 74 65 6D 20 69 74 65 6D 44 61 72 
6B 20 3D 20 6E 65 77 20 4A 52 61 64 69 6F 42 75 
74 74 6F 6E 4D 65 6E 75 49 74 65 6D 28 22 44 61 
72 6B 22 2C 20 74 72 75 65 29 3B 0D 0A 20 20 20 
20 20 20 20 20 4A 52 61 64 69 6F 42 75 74 74 6F 
6E 4D 65 6E 75 49 74 65 6D 20 69 74 65 6D 4C 69 
67 68 74 20 3D 20 6E 65 77 20 4A 52 61 64 69 6F 
42 75 74 74 6F 6E 4D 65 6E 75 49 74 65 6D 28 22 
4C 69 67 68 74 22 29 3B 0D 0A 20 20 20 20 20 20 
20 20 42 75 74 74 6F 6E 47 72 6F 75 70 20 67 72 
6F 75 70 20 3D 20 6E 65 77 20 42 75 74 74 6F 6E 
47 72 6F 75 70 28 29 3B 0D 0A 20 20 20 20 20 20 
20 20 67 72 6F 75 70 2E 61 64 64 28 69 74 65 6D 
44 61 72 6B 29 3B 20 67 72 6F 75 70 2E 61 64 64 
28 69 74 65 6D 4C 69 67 68 74 29 3B 0D 0A 20 20 
20 20 20 20 20 20 6D 65 6E 75 54 68 65 6D 65 2E 
61 64 64 28 69 74 65 6D 44 61 72 6B 29 3B 20 6D 
65 6E 75 54 68 65 6D 65 2E 61 64 64 28 69 74 65 
6D 4C 69 67 68 74 29 3B 0D 0A 20 20 20 20 20 20 
20 20 6D 65 6E 75 45 64 69 74 2E 61 64 64 28 6D 
65 6E 75 54 68 65 6D 65 29 3B 0D 0A 20 20 20 20 
20 20 20 20 69 74 65 6D 44 61 72 6B 2E 61 64 64 
41 63 74 69 6F 6E 4C 69 73 74 65 6E 65 72 28 65 
20 2D 3E 20 73 65 74 54 68 65 6D 65 28 74 72 75 
65 29 29 3B 0D 0A 20 20 20 20 20 20 20 20 69 74 
65 6D 4C 69 67 68 74 2E 61 64 64 41 63 74 69 6F 
6E 4C 69 73 74 65 6E 65 72 28 65 20 2D 3E 20 73 
65 74 54 68 65 6D 65 28 66 61 6C 73 65 29 29 3B 
0D 0A 0D 0A 20 20 20 20 20 20 20 20 4A 4D 65 6E 
75 20 6D 65 6E 75 56 69 65 77 20 3D 20 6E 65 77 
20 4A 4D 65 6E 75 28 22 56 69 65 77 22 29 3B 0D 
0A 20 20 20 20 20 20 20 20 4A 4D 65 6E 75 49 74 
65 6D 20 6D 4F 70 65 6E 53 61 76 65 20 3D 20 6E 
65 77 20 4A 4D 65 6E 75 49 74 65 6D 28 22 4F 70 
65 6E 20 73 61 76 65 20 66 6F 6C 64 65 72 22 29 
3B 0D 0A 20 20 20 20 20 20 20 20 6D 4F 70 65 6E 
53 61 76 65 2E 61 64 64 41 63 74 69 6F 6E 4C 69 
73 74 65 6E 65 72 28 65 20 2D 3E 20 7B 0D 0A 20 
20 20 20 20 20 20 20 20 20 20 20 74 72 79 20 7B 
20 44 65 73 6B 74 6F 70 2E 67 65 74 44 65 73 6B 
74 6F 70 28 29 2E 6F 70 65 6E 28 6E 65 77 20 46 
69 6C 65 28 22 73 61 76 65 22 29 29 3B 20 7D 0D 
0A 20 20 20 20 20 20 20 20 20 20 20 20 63 61 74 
63 68 20 28 45 78 63 65 70 74 69 6F 6E 20 65 78 
29 20 7B 20 65 78 2E 70 72 69 6E 74 53 74 61 63 
6B 54 72 61 63 65 28 29 3B 20 7D 0D 0A 20 20 20 
20 20 20 20 20 7D 29 3B 0D 0A 20 20 20 20 20 20 
20 20 6D 65 6E 75 56 69 65 77 2E 61 64 64 28 6D 
4F 70 65 6E 53 61 76 65 29 3B 0D 0A 0D 0A 20 20 
20 20 20 20 20 20 4A 4D 65 6E 75 20 6D 65 6E 75 
41 62 6F 75 74 20 3D 20 6E 65 77 20 4A 4D 65 6E 
75 28 22 41 62 6F 75 74 22 29 3B 0D 0A 20 20 20 
20 20 20 20 20 4A 4D 65 6E 75 49 74 65 6D 20 69 
74 65 6D 52 65 70 6F 20 3D 20 6E 65 77 20 4A 4D 
65 6E 75 49 74 65 6D 28 22 52 65 70 6F 73 69 74 
6F 72 79 22 29 3B 0D 0A 20 20 20 20 20 20 20 20 
69 74 65 6D 52 65 70 6F 2E 61 64 64 41 63 74 69 
6F 6E 4C 69 73 74 65 6E 65 72 28 65 20 2D 3E 20 
7B 0D 0A 20 20 20 20 20 20 20 20 20 20 20 20 74 
72 79 20 7B 20 44 65 73 6B 74 6F 70 2E 67 65 74 
44 65 73 6B 74 6F 70 28 29 2E 62 72 6F 77 73 65 
28 6E 65 77 20 6A 61 76 61 2E 6E 65 74 2E 55 52 
49 28 22 68 74 74 70 73 3A 2F 2F 67 69 74 68 75 
62 2E 63 6F 6D 2F 22 29 29 3B 20 7D 0D 0A 20 20 
20 20 20 20 20 20 20 20 20 20 63 61 74 63 68 20 
28 45 78 63 65 70 74 69 6F 6E 20 65 78 29 20 7B 
20 65 78 2E 70 72 69 6E 74 53 74 61 63 6B 54 72 
61 63 65 28 29 3B 20 7D 0D 0A 20 20 20 20 20 20 
20 20 7D 29 3B 0D 0A 20 20 20 20 20 20 20 20 4A 
4D 65 6E 75 49 74 65 6D 20 69 74 65 6D 41 75 74 
68 6F 72 20 3D 20 6E 65 77 20 4A 4D 65 6E 75 49 
74 65 6D 28 22 41 75 74 68 6F 72 22 29 3B 0D 0A 
20 20 20 20 20 20 20 20 69 74 65 6D 41 75 74 68 
6F 72 2E 61 64 64 41 63 74 69 6F 6E 4C 69 73 74 
65 6E 65 72 28 65 20 2D 3E 0D 0A 20 20 20 20 20 
20 20 20 20 20 20 20 4A 4F 70 74 69 6F 6E 50 61 
6E 65 2E 73 68 6F 77 4D 65 73 73 61 67 65 44 69 
61 6C 6F 67 28 66 72 61 6D 65 2C 0D 0A 20 20 20 
20 20 20 20 20 20 20 20 20 20 20 20 20 22 42 69 
6E 61 72 79 20 44 75 6D 70 65 72 20 76 31 2E 30 
5C 6E 42 75 69 6C 74 20 77 69 74 68 20 4A 61 76 
61 20 53 77 69 6E 67 20 2B 20 46 6C 61 74 4C 61 
66 5C 6E 43 6F 72 65 20 70 72 6F 63 65 73 73 69 
6E 67 20 69 6E 20 43 2E 22 2C 0D 0A 20 20 20 20 
20 20 20 20 20 20 20 20 20 20 20 20 22 41 62 6F 
75 74 22 2C 20 4A 4F 70 74 69 6F 6E 50 61 6E 65 
2E 49 4E 46 4F 52 4D 41 54 49 4F 4E 5F 4D 45 53 
53 41 47 45 29 29 3B 0D 0A 20 20 20 20 20 20 20 
20 6D 65 6E 75 41 62 6F 75 74 2E 61 64 64 28 69 
74 65 6D 52 65 70 6F 29 3B 0D 0A 20 20 20 20 20 
20 20 20 6D 65 6E 75 41 62 6F 75 74 2E 61 64 64 
28 69 74 65 6D 41 75 74 68 6F 72 29 3B 0D 0A 0D 
0A 20 20 20 20 20 20 20 20 6D 65 6E 75 42 61 72 
2E 61 64 64 28 6D 65 6E 75 45 64 69 74 29 3B 0D 
0A 20 20 20 20 20 20 20 20 6D 65 6E 75 42 61 72 
2E 61 64 64 28 6D 65 6E 75 56 69 65 77 29 3B 0D 
0A 20 20 20 20 20 20 20 20 6D 65 6E 75 42 61 72 
2E 61 64 64 28 6D 65 6E 75 41 62 6F 75 74 29 3B 
0D 0A 20 20 20 20 20 20 20 20 66 72 61 6D 65 2E 
73 65 74 4A 4D 65 6E 75 42 61 72 28 6D 65 6E 75 
42 61 72 29 3B 0D 0A 0D 0A 20 20 20 20 20 20 20 
20 2F 2F 20 3D 3D 3D 3D 3D 3D 3D 3D 3D 3D 20 43 
45 4E 54 45 52 20 3D 3D 3D 3D 3D 3D 3D 3D 3D 3D 
0D 0A 20 20 20 20 20 20 20 20 4A 50 61 6E 65 6C 
20 63 65 6E 74 65 72 20 3D 20 6E 65 77 20 4A 50 
61 6E 65 6C 28 6E 65 77 20 42 6F 72 64 65 72 4C 
61 79 6F 75 74 28 29 29 3B 0D 0A 20 20 20 20 20 
20 20 20 63 65 6E 74 65 72 2E 73 65 74 42 6F 72 
64 65 72 28 42 6F 72 64 65 72 46 61 63 74 6F 72 
79 2E 63 72 65 61 74 65 45 6D 70 74 79 42 6F 72 
64 65 72 28 32 30 2C 20 32 30 2C 20 32 30 2C 20 
32 30 29 29 3B 0D 0A 0D 0A 20 20 20 20 20 20 20 
20 2F 2F 20 54 6F 70 3A 20 66 69 6C 65 20 70 69 
63 6B 65 72 0D 0A 20 20 20 20 20 20 20 20 4A 50 
61 6E 65 6C 20 74 6F 70 20 3D 20 6E 65 77 20 4A 
50 61 6E 65 6C 28 6E 65 77 20 46 6C 6F 77 4C 61 
79 6F 75 74 28 46 6C 6F 77 4C 61 79 6F 75 74 2E 
43 45 4E 54 45 52 2C 20 31 30 2C 20 30 29 29 3B 
0D 0A 20 20 20 20 20 20 20 20 74 6F 70 2E 73 65 
74 4F 70 61 71 75 65 28 66 61 6C 73 65 29 3B 0D 
0A 20 20 20 20 20 20 20 20 4A 42 75 74 74 6F 6E 
20 62 74 6E 43 68 6F 6F 73 65 20 3D 20 6E 65 77 
20 4A 42 75 74 74 6F 6E 28 22 43 68 6F 6F 73 65 
20 46 69 6C 65 22 29 3B 0D 0A 20 20 20 20 20 20 
20 20 62 74 6E 43 68 6F 6F 73 65 2E 73 65 74 46 
6F 6E 74 28 6E 65 77 20 46 6F 6E 74 28 22 53 61 
6E 73 53 65 72 69 66 22 2C 20 46 6F 6E 74 2E 50 
4C 41 49 4E 2C 20 31 33 29 29 3B 0D 0A 20 20 20 
20 20 20 20 20 62 74 6E 43 68 6F 6F 73 65 2E 73 
65 74 50 72 65 66 65 72 72 65 64 53 69 7A 65 28 
6E 65 77 20 44 69 6D 65 6E 73 69 6F 6E 28 31 33 
30 2C 20 33 32 29 29 3B 0D 0A 20 20 20 20 20 20 
20 20 66 69 6C 65 4C 61 62 65 6C 20 3D 20 6E 65 
77 20 4A 4C 61 62 65 6C 28 22 4E 6F 20 66 69 6C 
65 20 73 65 6C 65 63 74 65 64 22 29 3B 0D 0A 20 
20 20 20 20 20 20 20 66 69 6C 65 4C 61 62 65 6C 
2E 73 65 74 46 6F 6E 74 28 6E 65 77 20 46 6F 6E 
74 28 22 53 61 6E 73 53 65 72 69 66 22 2C 20 46 
6F 6E 74 2E 50 4C 41 49 4E 2C 20 31 32 29 29 3B 
0D 0A 20 20 20 20 20 20 20 20 74 6F 70 2E 61 64 
64 28 62 74 6E 43 68 6F 6F 73 65 29 3B 0D 0A 20 
20 20 20 20 20 20 20 74 6F 70 2E 61 64 64 28 66 
69 6C 65 4C 61 62 65 6C 29 3B 0D 0A 0D 0A 20 20 
20 20 20 20 20 20 2F 2F 20 43 65 6E 74 65 72 3A 
20 6C 6F 67 20 6F 75 74 70 75 74 0D 0A 20 20 20 
20 20 20 20 20 4A 54 65 78 74 41 72 65 61 20 6C 
6F 67 20 3D 20 6E 65 77 20 4A 54 65 78 74 41 72 
65 61 28 38 2C 20 34 30 29 3B 0D 0A 20 20 20 20 
20 20 20 20 6C 6F 67 2E 73 65 74 45 64 69 74 61 
62 6C 65 28 66 61 6C 73 65 29 3B 0D 0A 20 20 20 
20 20 20 20 20 6C 6F 67 2E 73 65 74 46 6F 6E 74 
28 6E 65 77 20 46 6F 6E 74 28 22 4D 6F 6E 6F 73 
70 61 63 65 64 22 2C 20 46 6F 6E 74 2E 50 4C 41 
49 4E 2C 20 31 32 29 29 3B 0D 0A 20 20 20 20 20 
20 20 20 4A 53 63 72 6F 6C 6C 50 61 6E 65 20 73 
63 72 6F 6C 6C 4C 6F 67 20 3D 20 6E 65 77 20 4A 
53 63 72 6F 6C 6C 50 61 6E 65 28 6C 6F 67 29 3B 
0D 0A 20 20 20 20 20 20 20 20 73 63 72 6F 6C 6C 
4C 6F 67 2E 73 65 74 42 6F 72 64 65 72 28 42 6F 
72 64 65 72 46 61 63 74 6F 72 79 2E 63 72 65 61 
74 65 54 69 74 6C 65 64 42 6F 72 64 65 72 28 22 
4F 75 74 70 75 74 22 29 29 3B 0D 0A 0D 0A 20 20 
20 20 20 20 20 20 2F 2F 20 42 6F 74 74 6F 6D 3A 
20 64 75 6D 70 20 62 75 74 74 6F 6E 0D 0A 20 20 
20 20 20 20 20 20 4A 42 75 74 74 6F 6E 20 62 74 
6E 44 75 6D 70 20 3D 20 6E 65 77 20 4A 42 75 74 
74 6F 6E 28 22 44 75 6D 70 20 42 69 6E 61 72 79 
22 29 3B 0D 0A 20 20 20 20 20 20 20 20 62 74 6E 
44 75 6D 70 2E 73 65 74 46 6F 6E 74 28 6E 65 77 
20 46 6F 6E 74 28 22 53 61 6E 73 53 65 72 69 66 
22 2C 20 46 6F 6E 74 2E 42 4F 4C 44 2C 20 31 34 
29 29 3B 0D 0A 20 20 20 20 20 20 20 20 62 74 6E 
44 75 6D 70 2E 73 65 74 50 72 65 66 65 72 72 65 
64 53 69 7A 65 28 6E 65 77 20 44 69 6D 65 6E 73 
69 6F 6E 28 31 38 30 2C 20 33 36 29 29 3B 0D 0A 
20 20 20 20 20 20 20 20 62 74 6E 44 75 6D 70 2E 
73 65 74 45 6E 61 62 6C 65 64 28 66 61 6C 73 65 
29 3B 0D 0A 0D 0A 20 20 20 20 20 20 20 20 4A 50 
61 6E 65 6C 20 62 6F 74 74 6F 6D 20 3D 20 6E 65 
77 20 4A 50 61 6E 65 6C 28 29 3B 0D 0A 20 20 20 
20 20 20 20 20 62 6F 74 74 6F 6D 2E 73 65 74 4F 
70 61 71 75 65 28 66 61 6C 73 65 29 3B 0D 0A 20 
20 20 20 20 20 20 20 62 6F 74 74 6F 6D 2E 61 64 
64 28 62 74 6E 44 75 6D 70 29 3B 0D 0A 0D 0A 20 
20 20 20 20 20 20 20 63 65 6E 74 65 72 2E 61 64 
64 28 74 6F 70 2C 20 42 6F 72 64 65 72 4C 61 79 
6F 75 74 2E 4E 4F 52 54 48 29 3B 0D 0A 20 20 20 
20 20 20 20 20 63 65 6E 74 65 72 2E 61 64 64 28 
73 63 72 6F 6C 6C 4C 6F 67 2C 20 42 6F 72 64 65 
72 4C 61 79 6F 75 74 2E 43 45 4E 54 45 52 29 3B 
0D 0A 20 20 20 20 20 20 20 20 63 65 6E 74 65 72 
2E 61 64 64 28 62 6F 74 74 6F 6D 2C 20 42 6F 72 
64 65 72 4C 61 79 6F 75 74 2E 53 4F 55 54 48 29 
3B 0D 0A 0D 0A 20 20 20 20 20 20 20 20 2F 2F 20 
3D 3D 3D 3D 3D 3D 3D 3D 3D 3D 20 41 43 54 49 4F 
4E 53 20 3D 3D 3D 3D 3D 3D 3D 3D 3D 3D 0D 0A 20 
20 20 20 20 20 20 20 62 74 6E 43 68 6F 6F 73 65 
2E 61 64 64 41 63 74 69 6F 6E 4C 69 73 74 65 6E 
65 72 28 65 20 2D 3E 20 7B 0D 0A 20 20 20 20 20 
20 20 20 20 20 20 20 4A 46 69 6C 65 43 68 6F 6F 
73 65 72 20 66 63 20 3D 20 6E 65 77 20 4A 46 69 
6C 65 43 68 6F 6F 73 65 72 28 29 3B 0D 0A 20 20 
20 20 20 20 20 20 20 20 20 20 69 66 20 28 66 63 
2E 73 68 6F 77 4F 70 65 6E 44 69 61 6C 6F 67 28 
66 72 61 6D 65 29 20 3D 3D 20 4A 46 69 6C 65 43 
68 6F 6F 73 65 72 2E 41 50 50 52 4F 56 45 5F 4F 
50 54 49 4F 4E 29 20 7B 0D 0A 20 20 20 20 20 20 
20 20 20 20 20 20 20 20 20 20 73 65 6C 65 63 74 
65 64 46 69 6C 65 20 3D 20 66 63 2E 67 65 74 53 
65 6C 65 63 74 65 64 46 69 6C 65 28 29 3B 0D 0A 
20 20 20 20 20 20 20 20 20 20 20 20 20 20 20 20 
66 69 6C 65 4C 61 62 65 6C 2E 73 65 74 54 65 78 
74 28 73 65 6C 65 63 74 65 64 46 69 6C 65 2E 67 
65 74 4E 61 6D 65 28 29 29 3B 0D 0A 20 20 20 20 
20 20 20 20 20 20 20 20 20 20 20 20 62 74 6E 44 
75 6D 70 2E 73 65 74 45 6E 61 62 6C 65 64 28 74 
72 75 65 29 3B 0D 0A 20 20 20 20 20 20 20 20 20 
20 20 20 20 20 20 20 6C 6F 67 2E 73 65 74 54 65 
78 74 28 22 46 69 6C 65 20 73 65 6C 65 63 74 65 
64 3A 20 22 20 2B 20 73 65 6C 65 63 74 65 64 46 
69 6C 65 2E 67 65 74 41 62 73 6F 6C 75 74 65 50 
61 74 68 28 29 20 2B 20 22 5C 6E 22 29 3B 0D 0A 
20 20 20 20 20 20 20 20 20 20 20 20 20 20 20 20 
6C 6F 67 2E 61 70 70 65 6E 64 28 22 43 6C 69 63 
6B 20 27 44 75 6D 70 20 42 69 6E 61 72 79 27 20 
74 6F 20 73 74 61 72 74 2E 5C 6E 22 29 3B 0D 0A 
20 20 20 20 20 20 20 20 20 20 20 20 7D 0D 0A 20 
20 20 20 20 20 20 20 7D 29 3B 0D 0A 0D 0A 20 20 
20 20 20 20 20 20 62 74 6E 44 75 6D 70 2E 61 64 
64 41 63 74 69 6F 6E 4C 69 73 74 65 6E 65 72 28 
65 20 2D 3E 20 7B 0D 0A 20 20 20 20 20 20 20 20 
20 20 20 20 69 66 20 28 73 65 6C 65 63 74 65 64 
46 69 6C 65 20 3D 3D 20 6E 75 6C 6C 20 7C 7C 20 
21 73 65 6C 65 63 74 65 64 46 69 6C 65 2E 65 78 
69 73 74 73 28 29 29 20 72 65 74 75 72 6E 3B 0D 
0A 0D 0A 20 20 20 20 20 20 20 20 20 20 20 20 62 
74 6E 44 75 6D 70 2E 73 65 74 45 6E 61 62 6C 65 
64 28 66 61 6C 73 65 29 3B 0D 0A 20 20 20 20 20 
20 20 20 20 20 20 20 73 74 61 74 75 73 4C 61 62 
65 6C 2E 73 65 74 54 65 78 74 28 22 52 75 6E 6E 
69 6E 67 2E 2E 2E 22 29 3B 0D 0A 20 20 20 20 20 
20 20 20 20 20 20 20 6C 6F 67 2E 61 70 70 65 6E 
64 28 22 5C 6E 2D 2D 2D 20 53 74 61 72 74 69 6E 
67 20 64 75 6D 70 20 2D 2D 2D 5C 6E 22 29 3B 0D 
0A 0D 0A 20 20 20 20 20 20 20 20 20 20 20 20 53 
77 69 6E 67 57 6F 72 6B 65 72 3C 56 6F 69 64 2C 
20 53 74 72 69 6E 67 3E 20 77 6F 72 6B 65 72 20 
3D 20 6E 65 77 20 53 77 69 6E 67 57 6F 72 6B 65 
72 3C 3E 28 29 20 7B 0D 0A 20 20 20 20 20 20 20 
20 20 20 20 20 20 20 20 20 40 4F 76 65 72 72 69 
64 65 0D 0A 20 20 20 20 20 20 20 20 20 20 20 20 
20 20 20 20 70 72 6F 74 65 63 74 65 64 20 56 6F 
69 64 20 64 6F 49 6E 42 61 63 6B 67 72 6F 75 6E 
64 28 29 20 7B 0D 0A 20 20 20 20 20 20 20 20 20 
20 20 20 20 20 20 20 20 20 20 20 74 72 79 20 7B 
0D 0A 20 20 20 20 20 20 20 20 20 20 20 20 20 20 
20 20 20 20 20 20 20 20 20 20 46 69 6C 65 20 65 
78 65 20 3D 20 6E 65 77 20 46 69 6C 65 28 22 62 
69 6E 2F 64 75 6D 70 65 72 2E 65 78 65 22 29 3B 
0D 0A 20 20 20 20 20 20 20 20 20 20 20 20 20 20 
20 20 20 20 20 20 20 20 20 20 69 66 20 28 21 65 
78 65 2E 65 78 69 73 74 73 28 29 29 20 7B 0D 0A 
20 20 20 20 20 20 20 20 20 20 20 20 20 20 20 20 
20 20 20 20 20 20 20 20 20 20 20 20 70 75 62 6C 
69 73 68 28 22 45 52 52 4F 52 3A 20 62 69 6E 2F 
64 75 6D 70 65 72 2E 65 78 65 20 6E 6F 74 20 66 
6F 75 6E 64 21 22 29 3B 0D 0A 20 20 20 20 20 20 
20 20 20 20 20 20 20 20 20 20 20 20 20 20 20 20 
20 20 20 20 20 20 70 75 62 6C 69 73 68 28 22 52 
75 6E 3A 20 67 63 63 20 2D 6F 20 62 69 6E 2F 64 
75 6D 70 65 72 2E 65 78 65 20 73 72 63 2F 64 75 
6D 70 65 72 2E 63 22 29 3B 0D 0A 20 20 20 20 20 
20 20 20 20 20 20 20 20 20 20 20 20 20 20 20 20 
20 20 20 20 20 20 20 72 65 74 75 72 6E 20 6E 75 
6C 6C 3B 0D 0A 20 20 20 20 20 20 20 20 20 20 20 
20 20 20 20 20 20 20 20 20 20 20 20 20 7D 0D 0A 
0D 0A 20 20 20 20 20 20 20 20 20 20 20 20 20 20 
20 20 20 20 20 20 20 20 20 20 50 72 6F 63 65 73 
73 42 75 69 6C 64 65 72 20 70 62 20 3D 20 6E 65 
77 20 50 72 6F 63 65 73 73 42 75 69 6C 64 65 72 
28 0D 0A 20 20 20 20 20 20 20 20 20 20 20 20 20 
20 20 20 20 20 20 20 20 20 20 20 20 20 20 20 65 
78 65 2E 67 65 74 41 62 73 6F 6C 75 74 65 50 61 
74 68 28 29 2C 0D 0A 20 20 20 20 20 20 20 20 20 
20 20 20 20 20 20 20 20 20 20 20 20 20 20 20 20 
20 20 20 73 65 6C 65 63 74 65 64 46 69 6C 65 2E 
67 65 74 41 62 73 6F 6C 75 74 65 50 61 74 68 28 
29 0D 0A 20 20 20 20 20 20 20 20 20 20 20 20 20 
20 20 20 20 20 20 20 20 20 20 20 29 3B 0D 0A 20 
20 20 20 20 20 20 20 20 20 20 20 20 20 20 20 20 
20 20 20 20 20 20 20 70 62 2E 64 69 72 65 63 74 
6F 72 79 28 6E 65 77 20 46 69 6C 65 28 22 2E 22 
29 29 3B 0D 0A 20 20 20 20 20 20 20 20 20 20 20 
20 20 20 20 20 20 20 20 20 20 20 20 20 50 72 6F 
63 65 73 73 20 70 72 6F 63 65 73 73 20 3D 20 70 
62 2E 73 74 61 72 74 28 29 3B 0D 0A 0D 0A 20 20 
20 20 20 20 20 20 20 20 20 20 20 20 20 20 20 20 
20 20 20 20 20 20 2F 2F 20 52 65 61 64 20 73 74 
64 6F 75 74 20 28 43 27 73 20 70 72 69 6E 74 66 
20 6F 75 74 70 75 74 29 0D 0A 20 20 20 20 20 20 
20 20 20 20 20 20 20 20 20 20 20 20 20 20 20 20 
20 20 42 75 66 66 65 72 65 64 52 65 61 64 65 72 
20 72 65 61 64 65 72 20 3D 20 6E 65 77 20 42 75 
66 66 65 72 65 64 52 65 61 64 65 72 28 0D 0A 20 
20 20 20 20 20 20 20 20 20 20 20 20 20 20 20 20 
20 20 20 20 20 20 20 20 20 20 20 6E 65 77 20 49 
6E 70 75 74 53 74 72 65 61 6D 52 65 61 64 65 72 
28 70 72 6F 63 65 73 73 2E 67 65 74 49 6E 70 75 
74 53 74 72 65 61 6D 28 29 29 29 3B 0D 0A 20 20 
20 20 20 20 20 20 20 20 20 20 20 20 20 20 20 20 
20 20 20 20 20 20 53 74 72 69 6E 67 20 6C 69 6E 
65 3B 0D 0A 20 20 20 20 20 20 20 20 20 20 20 20 
20 20 20 20 20 20 20 20 20 20 20 20 77 68 69 6C 
65 20 28 28 6C 69 6E 65 20 3D 20 72 65 61 64 65 
72 2E 72 65 61 64 4C 69 6E 65 28 29 29 20 21 3D 
20 6E 75 6C 6C 29 20 7B 0D 0A 20 20 20 20 20 20 
20 20 20 20 20 20 20 20 20 20 20 20 20 20 20 20 
20 20 20 20 20 20 70 75 62 6C 69 73 68 28 6C 69 
6E 65 29 3B 0D 0A 20 20 20 20 20 20 20 20 20 20 
20 20 20 20 20 20 20 20 20 20 20 20 20 20 7D 0D 
0A 0D 0A 20 20 20 20 20 20 20 20 20 20 20 20 20 
20 20 20 20 20 20 20 20 20 20 20 2F 2F 20 52 65 
61 64 20 73 74 64 65 72 72 0D 0A 20 20 20 20 20 
20 20 20 20 20 20 20 20 20 20 20 20 20 20 20 20 
20 20 20 42 75 66 66 65 72 65 64 52 65 61 64 65 
72 20 65 72 72 52 65 61 64 65 72 20 3D 20 6E 65 
77 20 42 75 66 66 65 72 65 64 52 65 61 64 65 72 
28 0D 0A 20 20 20 20 20 20 20 20 20 20 20 20 20 
20 20 20 20 20 20 20 20 20 20 20 20 20 20 20 6E 
65 77 20 49 6E 70 75 74 53 74 72 65 61 6D 52 65 
61 64 65 72 28 70 72 6F 63 65 73 73 2E 67 65 74 
45 72 72 6F 72 53 74 72 65 61 6D 28 29 29 29 3B 
0D 0A 20 20 20 20 20 20 20 20 20 20 20 20 20 20 
20 20 20 20 20 20 20 20 20 20 77 68 69 6C 65 20 
28 28 6C 69 6E 65 20 3D 20 65 72 72 52 65 61 64 
65 72 2E 72 65 61 64 4C 69 6E 65 28 29 29 20 21 
3D 20 6E 75 6C 6C 29 20 7B 0D 0A 20 20 20 20 20 
20 20 20 20 20 20 20 20 20 20 20 20 20 20 20 20 
20 20 20 20 20 20 20 70 75 62 6C 69 73 68 28 22 
5B 53 54 44 45 52 52 5D 20 22 20 2B 20 6C 69 6E 
65 29 3B 0D 0A 20 20 20 20 20 20 20 20 20 20 20 
20 20 20 20 20 20 20 20 20 20 20 20 20 7D 0D 0A 
0D 0A 20 20 20 20 20 20 20 20 20 20 20 20 20 20 
20 20 20 20 20 20 20 20 20 20 69 6E 74 20 63 6F 
64 65 20 3D 20 70 72 6F 63 65 73 73 2E 77 61 69 
74 46 6F 72 28 29 3B 0D 0A 20 20 20 20 20 20 20 
20 20 20 20 20 20 20 20 20 20 20 20 20 20 20 20 
20 70 75 62 6C 69 73 68 28 22 45 78 69 74 20 63 
6F 64 65 3A 20 22 20 2B 20 63 6F 64 65 29 3B 0D 
0A 0D 0A 20 20 20 20 20 20 20 20 20 20 20 20 20 
20 20 20 20 20 20 20 20 20 20 20 69 66 20 28 63 
6F 64 65 20 3D 3D 20 30 29 20 7B 0D 0A 20 20 20 
20 20 20 20 20 20 20 20 20 20 20 20 20 20 20 20 
20 20 20 20 20 20 20 20 20 2F 2F 20 53 68 6F 77 
20 66 69 6C 65 73 20 69 6E 20 73 61 76 65 2F 20 
66 6F 6C 64 65 72 0D 0A 20 20 20 20 20 20 20 20 
20 20 20 20 20 20 20 20 20 20 20 20 20 20 20 20 
20 20 20 20 46 69 6C 65 20 73 61 76 65 44 69 72 
20 3D 20 6E 65 77 20 46 69 6C 65 28 22 73 61 76 
65 22 29 3B 0D 0A 20 20 20 20 20 20 20 20 20 20 
20 20 20 20 20 20 20 20 20 20 20 20 20 20 20 20 
20 20 46 69 6C 65 5B 5D 20 66 69 6C 65 73 20 3D 
20 73 61 76 65 44 69 72 2E 6C 69 73 74 46 69 6C 
65 73 28 29 3B 0D 0A 20 20 20 20 20 20 20 20 20 
20 20 20 20 20 20 20 20 20 20 20 20 20 20 20 20 
20 20 20 69 66 20 28 66 69 6C 65 73 20 21 3D 20 
6E 75 6C 6C 29 20 7B 0D 0A 20 20 20 20 20 20 20 
20 20 20 20 20 20 20 20 20 20 20 20 20 20 20 20 
20 20 20 20 20 20 20 20 20 70 75 62 6C 69 73 68 
28 22 46 69 6C 65 73 20 69 6E 20 73 61 76 65 2F 
3A 22 29 3B 0D 0A 20 20 20 20 20 20 20 20 20 20 
20 20 20 20 20 20 20 20 20 20 20 20 20 20 20 20 
20 20 20 20 20 20 66 6F 72 20 28 46 69 6C 65 20 
66 20 3A 20 66 69 6C 65 73 29 20 7B 0D 0A 20 20 
20 20 20 20 20 20 20 20 20 20 20 20 20 20 20 20 
20 20 20 20 20 20 20 20 20 20 20 20 20 20 20 20 
20 20 70 75 62 6C 69 73 68 28 22 20 20 22 20 2B 
20 66 2E 67 65 74 4E 61 6D 65 28 29 20 2B 20 22 
20 28 22 20 2B 20 66 2E 6C 65 6E 67 74 68 28 29 
20 2B 20 22 20 62 79 74 65 73 29 22 29 3B 0D 0A 
20 20 20 20 20 20 20 20 20 20 20 20 20 20 20 20 
20 20 20 20 20 20 20 20 20 20 20 20 20 20 20 20 
7D 0D 0A 20 20 20 20 20 20 20 20 20 20 20 20 20 
20 20 20 20 20 20 20 20 20 20 20 20 20 20 20 7D 
0D 0A 20 20 20 20 20 20 20 20 20 20 20 20 20 20 
20 20 20 20 20 20 20 20 20 20 7D 0D 0A 0D 0A 20 
20 20 20 20 20 20 20 20 20 20 20 20 20 20 20 20 
20 20 20 7D 20 63 61 74 63 68 20 28 45 78 63 65 
70 74 69 6F 6E 20 65 78 29 20 7B 0D 0A 20 20 20 
20 20 20 20 20 20 20 20 20 20 20 20 20 20 20 20 
20 20 20 20 20 70 75 62 6C 69 73 68 28 22 4A 41 
56 41 20 45 52 52 4F 52 3A 20 22 20 2B 20 65 78 
2E 67 65 74 4D 65 73 73 61 67 65 28 29 29 3B 0D 
0A 20 20 20 20 20 20 20 20 20 20 20 20 20 20 20 
20 20 20 20 20 7D 0D 0A 20 20 20 20 20 20 20 20 
20 20 20 20 20 20 20 20 20 20 20 20 72 65 74 75 
72 6E 20 6E 75 6C 6C 3B 0D 0A 20 20 20 20 20 20 
20 20 20 20 20 20 20 20 20 20 7D 0D 0A 0D 0A 20 
20 20 20 20 20 20 20 20 20 20 20 20 20 20 20 40 
4F 76 65 72 72 69 64 65 0D 0A 20 20 20 20 20 20 
20 20 20 20 20 20 20 20 20 20 70 72 6F 74 65 63 
74 65 64 20 76 6F 69 64 20 70 72 6F 63 65 73 73 
28 6A 61 76 61 2E 75 74 69 6C 2E 4C 69 73 74 3C 
53 74 72 69 6E 67 3E 20 63 68 75 6E 6B 73 29 20 
7B 0D 0A 20 20 20 20 20 20 20 20 20 20 20 20 20 
20 20 20 20 20 20 20 66 6F 72 20 28 53 74 72 69 
6E 67 20 6C 69 6E 65 20 3A 20 63 68 75 6E 6B 73 
29 20 7B 0D 0A 20 20 20 20 20 20 20 20 20 20 20 
20 20 20 20 20 20 20 20 20 20 20 20 20 6C 6F 67 
2E 61 70 70 65 6E 64 28 6C 69 6E 65 20 2B 20 22 
5C 6E 22 29 3B 0D 0A 20 20 20 20 20 20 20 20 20 
20 20 20 20 20 20 20 20 20 20 20 20 20 20 20 6C 
6F 67 2E 73 65 74 43 61 72 65 74 50 6F 73 69 74 
69 6F 6E 28 6C 6F 67 2E 67 65 74 44 6F 63 75 6D 
65 6E 74 28 29 2E 67 65 74 4C 65 6E 67 74 68 28 
29 29 3B 0D 0A 20 20 20 20 20 20 20 20 20 20 20 
20 20 20 20 20 20 20 20 20 7D 0D 0A 20 20 20 20 
20 20 20 20 20 20 20 20 20 20 20 20 7D 0D 0A 0D 
0A 20 20 20 20 20 20 20 20 20 20 20 20 20 20 20 
20 40 4F 76 65 72 72 69 64 65 0D 0A 20 20 20 20 
20 20 20 20 20 20 20 20 20 20 20 20 70 72 6F 74 
65 63 74 65 64 20 76 6F 69 64 20 64 6F 6E 65 28 
29 20 7B 0D 0A 20 20 20 20 20 20 20 20 20 20 20 
20 20 20 20 20 20 20 20 20 62 74 6E 44 75 6D 70 
2E 73 65 74 45 6E 61 62 6C 65 64 28 74 72 75 65 
29 3B 0D 0A 20 20 20 20 20 20 20 20 20 20 20 20 
20 20 20 20 20 20 20 20 73 74 61 74 75 73 4C 61 
62 65 6C 2E 73 65 74 54 65 78 74 28 22 44 6F 6E 
65 20 2D 20 63 68 65 63 6B 20 4F 75 74 70 75 74 
20 61 6E 64 20 73 61 76 65 2F 20 66 6F 6C 64 65 
72 22 29 3B 0D 0A 20 20 20 20 20 20 20 20 20 20 
20 20 20 20 20 20 7D 0D 0A 20 20 20 20 20 20 20 
20 20 20 20 20 7D 3B 0D 0A 20 20 20 20 20 20 20 
20 20 20 20 20 77 6F 72 6B 65 72 2E 65 78 65 63 
75 74 65 28 29 3B 0D 0A 20 20 20 20 20 20 20 20 
7D 29 3B 0D 0A 0D 0A 20 20 20 20 20 20 20 20 66 
72 61 6D 65 2E 61 64 64 28 63 65 6E 74 65 72 2C 
20 42 6F 72 64 65 72 4C 61 79 6F 75 74 2E 43 45 
4E 54 45 52 29 3B 0D 0A 0D 0A 20 20 20 20 20 20 
20 20 2F 2F 20 3D 3D 3D 3D 3D 3D 3D 3D 3D 3D 20 
53 54 41 54 55 53 20 3D 3D 3D 3D 3D 3D 3D 3D 3D 
3D 0D 0A 20 20 20 20 20 20 20 20 73 74 61 74 75 
73 4C 61 62 65 6C 20 3D 20 6E 65 77 20 4A 4C 61 
62 65 6C 28 22 20 20 53 65 6C 65 63 74 20 61 20 
66 69 6C 65 20 74 6F 20 64 75 6D 70 20 69 74 73 
20 62 69 6E 61 72 79 20 63 6F 6E 74 65 6E 74 22 
29 3B 0D 0A 20 20 20 20 20 20 20 20 73 74 61 74 
75 73 4C 61 62 65 6C 2E 73 65 74 46 6F 6E 74 28 
6E 65 77 20 46 6F 6E 74 28 22 53 61 6E 73 53 65 
72 69 66 22 2C 20 46 6F 6E 74 2E 50 4C 41 49 4E 
2C 20 31 31 29 29 3B 0D 0A 20 20 20 20 20 20 20 
20 66 72 61 6D 65 2E 61 64 64 28 73 74 61 74 75 
73 4C 61 62 65 6C 2C 20 42 6F 72 64 65 72 4C 61 
79 6F 75 74 2E 53 4F 55 54 48 29 3B 0D 0A 0D 0A 
20 20 20 20 20 20 20 20 66 72 61 6D 65 2E 73 65 
74 56 69 73 69 62 6C 65 28 74 72 75 65 29 3B 0D 
0A 20 20 20 20 7D 0D 0A 0D 0A 20 20 20 20 70 72 
69 76 61 74 65 20 73 74 61 74 69 63 20 76 6F 69 
64 20 73 65 74 54 68 65 6D 65 28 62 6F 6F 6C 65 
61 6E 20 64 61 72 6B 29 20 7B 0D 0A 20 20 20 20 
20 20 20 20 69 66 20 28 64 61 72 6B 20 3D 3D 20 
64 61 72 6B 54 68 65 6D 65 29 20 72 65 74 75 72 
6E 3B 0D 0A 20 20 20 20 20 20 20 20 64 61 72 6B 
54 68 65 6D 65 20 3D 20 64 61 72 6B 3B 0D 0A 20 
20 20 20 20 20 20 20 74 72 79 20 7B 0D 0A 20 20 
20 20 20 20 20 20 20 20 20 20 55 49 4D 61 6E 61 
67 65 72 2E 73 65 74 4C 6F 6F 6B 41 6E 64 46 65 
65 6C 28 64 61 72 6B 20 3F 20 6E 65 77 20 46 6C 
61 74 44 61 72 6B 4C 61 66 28 29 20 3A 20 6E 65 
77 20 46 6C 61 74 4C 69 67 68 74 4C 61 66 28 29 
29 3B 0D 0A 20 20 20 20 20 20 20 20 20 20 20 20 
53 77 69 6E 67 55 74 69 6C 69 74 69 65 73 2E 75 
70 64 61 74 65 43 6F 6D 70 6F 6E 65 6E 74 54 72 
65 65 55 49 28 66 72 61 6D 65 29 3B 0D 0A 20 20 
20 20 20 20 20 20 20 20 20 20 66 72 61 6D 65 2E 
70 61 63 6B 28 29 3B 0D 0A 20 20 20 20 20 20 20 
20 7D 20 63 61 74 63 68 20 28 45 78 63 65 70 74 
69 6F 6E 20 65 78 29 20 7B 20 65 78 2E 70 72 69 
6E 74 53 74 61 63 6B 54 72 61 63 65 28 29 3B 20 
7D 0D 0A 20 20 20 20 7D 0D 0A 7D 0D 0A 